
Descriptive statistics
========================================================================
Statistic   N        Mean       St. Dev.      Min     Median      Max   
------------------------------------------------------------------------
ï..SAMPN  42,431 2,588,379.00 1,641,345.00 1,031,985 1,971,814 7,212,388
INCOM     42,431    13.18        26.29         1         5        99    
HHSIZ     42,431     2.57         1.37         1         2         8    
HHEMP     42,431     1.22         0.88         0         1         6    
HHSTU     42,431     0.64         1.02         0         0         8    
HHLIC     42,431     1.86         0.85         0         2         8    
DOW       42,431     4.02         1.99         1         4         7    
HTRIPS    42,431     8.29         7.78         0         6        99    
Mon       42,431     0.14         0.34         0         0         1    
Tue       42,431     0.14         0.35         0         0         1    
Wed       42,431     0.14         0.35         0         0         1    
Thu       42,431     0.15         0.35         0         0         1    
Fri       42,431     0.14         0.35         0         0         1    
Sat       42,431     0.14         0.35         0         0         1    
Sun       42,431     0.15         0.35         0         0         1    
TotDist   42,431    68.09        118.52      0.00      33.89   5,838.26 
center    42,431     0.28         0.45         0         0         1    
suburb    42,431     0.29         0.45         0         0         1    
exurb     42,431     0.23         0.42         0         0         1    
rural     42,431     0.20         0.40         0         0         1    
other     42,431     0.00         0.00         0         0         0    
highinc   42,431     0.41         0.49         0         0         1    
HHVEH     42,431     1.86         1.00         0         2         8    
HHBIC     42,431     1.58         3.79         0         1        99    
VEHNEW    42,431     2.15         2.02         1         2         9    
OWN       42,431     1.24         0.56         1         1         9    
CarBuy    42,431     0.45         0.50         0         0         1    
snglhm    42,431     0.82         0.39         0         1         1    
ownhm     42,431     0.77         0.42         0         1         1    
MilesPr   42,431    27.12        43.46       0.00      14.50   1,167.65 
TrpPrs    42,431     3.28         2.58       0.00      3.00      32.00  
------------------------------------------------------------------------
